30886 30886
92777 36915
38335 38335
85386 60492
16649 41421
2362 90027
20059 20059
97763 13926
80540 83426
89172 55736
5211 95368
2567 56429
21530 21530
22862 65123
3135 3135
13929 79802
23058 23058
33069 98167
18456 18456
75011 78042
76229 77373
84421 44919
13784 98537
75198 94324
64370 64370
66413 3526
68980 68980
59956 41873
6862 99170
6996 97281
2305 20925
77084 36327
26505 26505
50846 21729
25857 25857
16124 53895
545 545
98814 33367
15434 90364
44043 13750
26808 26808
17276 47178
93584 93584
5403 2651
12399 12399
99932 95060
49676 93368
47739 10012
36226 98586
48094 97539
40795 80570
51434 60378
66601 66601
10097 12902
70492 70492
26652 60756
60280 60280
24286 9441
29689 29689
28444 46619
44729 44729
58031 8117
5771 5771
34481 90675
20709 98927
4567 77856
72353 72353
54586 76965
55306 64683
6219 28624
32871 32871
5732 48829
9503 30019
58270 63368
59708 86715
26340 18149
723 723
42618 2245
22846 93451
92921 43555
92379 97488
37764 88228
69841 92350
65193 41500
57034 87764
70124 24914
36987 75856
73743 46491
22227 48365
9859 81936
51432 52551
16437 99228
53275 75407
1474 76121
68858 94395
36029 61237
8235 73793
65818 94428
31011 31011
35928 39529
18776 22404
64443 55763
14613 54538
18606 36840
2904 44818
35128 70688
67917 67917
69917 66996
43324 87743
59470 12183
95499 95499
89772 6725
55590 55590
17505 68139
2954 69786
7669 38082
8542 88464
10197 39507
28804 28804
76348 78611
27828 27828
49299 87343
35568 35568
54340 55422
13810 13810
67605 21801
25661 73730
44878 11305
29320 78736
79444 48626
3465 3465
86708 73416
8282 13258
12924 67637
5624 5624
62600 32036
11899 11899
19379 45550
47468 90071
973 87131
3881 84930
8933 45894
58660 70163
57199 87981
48899 52996
52959 13773
39668 39668
87190 81095
16466 16466
65084 11340
22090 27684
43376 55542
55936 79107
17445 19756
18418 18418
6887 89412
3348 32172
51659 62009
2336 25210
66342 67587
19301 19301
97713 67372
1255 1255
64819 44599
17721 29904
55939 39811
15667 15667
11705 46228
11127 29150
65984 96658
63920 89224
2422 67269
21396 54081
45630 40084
11972 11972
7672 73850
5385 5385
41222 39299
6042 6042
83898 40713
52298 56190
80524 42590
8581 8581
88819 99336
37732 71155
95994 18004
14769 14769
85273 81776
47255 47255
21860 48142
45884 45884
21993 23205
67621 79567
62504 90613
1961 62754
31326 54259
18944 28202
13202 23506
2021 2021
22842 90868